baseline: 0.1
calibration_time: 2016-04-15-17-29-27
gain: 1.2000000476837158
limit: 1.0
radius: 0.0318
trim: 0.05999999865889549
