baseline: 0.1
calibration_time: 1970-01-01-01-05-23
gain: 1.2000000476837158
k: 27.0
limit: 1.0
radius: 0.0318
trim: 0.07000000029802322
