baseline: 0.1
calibration_time: 2016-04-18-02-08-38
gain: 1.2000000476837158
k: 27.0
limit: 1.0
radius: 0.0318
trim: 0.009999999776482582
