baseline: 0.1
calibration_time: 2016-04-21-03-29-02
gain: 1.399999976158142
limit: 1.0
radius: 0.0318
trim: 0.20000000298023224
