baseline: 0.1
calibration_time: 2016-04-15-16-57-10
gain: 1.2999999523162842
k: 27.0
limit: 1.0
radius: 0.0318
trim: 0.10000000149011612
