baseline: 0.1
calibration_time: 2016-04-22-19-55-02
gain: 1.2000000476837158
k: 27.0
limit: 1.0
radius: 0.0318
trim: 0.10999999940395355
