baseline: 0.1
calibration_time: 2016-04-20-21-18-28
gain: 1.2999999523162842
limit: 1.0
radius: 0.0318
trim: 0.17000000178813934
