baseline: 0.1
calibration_time: 2016-04-15-16-38-57
gain: 1.0049999952316284
k: 27.0
limit: 1.0
radius: 0.0318
trim: 0.03863
