baseline: 0.1
calibration_time: 1970-01-01-01-10-58
gain: 0.7699999809265137
k: 27.0
limit: 1.0
radius: 0.0318
trim: 0.029999999329447746
