baseline: 0.1
calibration_time: 2016-04-22-15-46-09
gain: 0.7699999809265137
k: 27.0
limit: 1.0
radius: 0.0318
trim: 0.03799999877810478
