baseline: 0.1
calibration_time: 2016-08-11-15-57-55
gain: 1.2000000476837158
k: 27.0
limit: 1.0
radius: 0.0318
trim: 0.07800000160932541
