baseline: 0.1
calibration_time: 2016-09-20-21-18-16
gain: 0.6000000238418579
k: 27.0
limit: 1.0
radius: 0.0318
trim: 0.057999998331069946
