baseline: 0.1
calibration_time: 1970-01-01-00-10-45
gain: 0.699999988079071
k: 27.0
limit: 1.0
radius: 0.0318
trim: -0.009999999776482582
