baseline: 0.1
<<<<<<< HEAD
calibration_time: 1970-01-01-00-10-45
gain: 0.699999988079071
k: 27.0
limit: 1.0
radius: 0.0318
trim: -0.009999999776482582
=======
calibration_time: 2016-06-06-13-19-58
gain: 1.0
k: 27.0
limit: 1.0
radius: 0.0318
trim: -0.04500000178813934
>>>>>>> cd5193cd1af4357afee81859f59f2c91f8c4760b
