baseline: 0.1
calibration_time: 2016-04-19-14-32-16
gain: 1.2999999523162842
limit: 1.0
radius: 0.0318
trim: 0.012000000104308128
