baseline: 0.1
calibration_time: 2016-04-20-21-44-12
gain: 1.2000000476837158
k: 27.0
limit: 1.0
radius: 0.0318
trim: 2.5999999706982635e-05
