baseline: 0.1
calibration_time: 2016-04-15-16-41-05
gain: 1.7000000476837158
limit: 1.0
radius: 0.0318
trim: -0.10000000149011612
