baseline: 0.1
calibration_time: 1970-01-01-00-56-27
gain: 1.149999976158142
limit: 1.0
radius: 0.0318
trim: 0.03500000014901161
