cam_model: Pinhole
cam_width: 640
cam_height: 480
cam_fx: 333.43560584143876
cam_fy: 339.50725919499513
cam_cx: 303.0794897213541
cam_cy: 210.08986916648718
cam_d0: -0.2610739468051775
cam_d1: 0.04427418602600449
cam_d2: 0.0
cam_d3: 0.0
