camera_matrix:
  cols: 3
  data: [333.43560584143876, 0.0, 303.0794897213541, 0.0, 339.50725919499513, 210.08986916648718,
    0.0, 0.0, 1.0]
  rows: 3
camera_name: amadobot/camera_node
distortion_coefficients:
  cols: 5
  data: [-0.2610739468051775, 0.04427418602600449, 0.004049121148799702, 0.004570808393185347,
    0.0]
  rows: 1
distortion_model: plumb_bob
image_height: 480
image_width: 640
projection_matrix:
  cols: 4
  data: [221.3113555908203, 0.0, 312.5214858508225, 0.0, 0.0, 280.4425964355469, 199.30369298390542,
    0.0, 0.0, 0.0, 1.0, 0.0]
  rows: 3
rectification_matrix:
  cols: 3
  data: [1.0, 0.0, 0.0, 0.0, 1.0, 0.0, 0.0, 0.0, 1.0]
  rows: 3
