camera_matrix:
  cols: 3
  data: [315.0595111839838, 0.0, 328.8908342458145, 0.0, 314.60267517973887, 211.67453032602336,
    0.0, 0.0, 1.0]
  rows: 3
camera_name: ayrton/camera_node
distortion_coefficients:
  cols: 5
  data: [-0.2695882412573627, 0.048882928653442494, 0.0042686701274962675, -0.00199369181292842,
    0.0]
  rows: 1
distortion_model: plumb_bob
image_height: 480
image_width: 640
projection_matrix:
  cols: 4
  data: [213.8360595703125, 0.0, 328.1739534186636, 0.0, 0.0, 246.50698852539062,
    198.44388716699723, 0.0, 0.0, 0.0, 1.0, 0.0]
  rows: 3
rectification_matrix:
  cols: 3
  data: [1.0, 0.0, 0.0, 0.0, 1.0, 0.0, 0.0, 0.0, 1.0]
  rows: 3
