camera_matrix:
  cols: 3
  data: [313.36074836448205, 0.0, 336.0838450835807, 0.0, 314.54015248663654, 247.7743263737967, 0.0, 0.0, 1.0]
  rows: 3
camera_name: buyme/camera_node
distortion_coefficients:
  cols: 5
  data: [-0.28217371110802897, 0.055546749664386635, 0.001751687666410507, 0.0004238145995972064, 0.0]
  rows: 1
distortion_model: plumb_bob
image_height: 480
image_width: 640
projection_matrix:
  cols: 4
  data: [215.3852996826172, 0.0, 336.87822192765634, 0.0, 0.0, 244.56040954589844,
    255.4498474516804, 0.0, 0.0, 0.0, 1.0, 0.0]
  rows: 3
rectification_matrix:
  cols: 3
  data: [1.0, 0.0, 0.0, 0.0, 1.0, 0.0, 0.0, 0.0, 1.0]
  rows: 3
