image_width: 640
image_height: 400
camera_name: /megaman/rosberrypi_cam
camera_matrix:
  rows: 3
  cols: 3
  data: [345.2646658710272, 0, 317.750772438501, 0, 348.8490906058711, 227.2323686041659, 0, 0, 1]
distortion_model: plumb_bob
distortion_coefficients:
  rows: 1
  cols: 5
  data: [-0.3091005470199237, 0.0794645553573425, 0.000526748100684302, 0.001947384065585338, 0]
rectification_matrix:
  rows: 3
  cols: 3
  data: [1, 0, 0, 0, 1, 0, 0, 0, 1]
projection_matrix:
  rows: 3
  cols: 4
  data: [248.8953857421875, 0, 320.3235697601776, 0, 0, 303.9553833007812, 234.9430181491334, 0, 0, 0, 1, 0]