camera_matrix:
  cols: 3
  data: [312.66136542173524, 0.0, 301.92633712454136, 0.0, 315.6432628816245, 233.16094576746232,
    0.0, 0.0, 1.0]
  rows: 3
camera_name: julie/camera_node
distortion_coefficients:
  cols: 5
  data: [-0.30051235221785433, 0.07523351618165483, 0.0035625909095358477, 0.000877720441986106,
    0.0]
  rows: 1
distortion_model: plumb_bob
image_height: 480
image_width: 640
projection_matrix:
  cols: 4
  data: [228.8008270263672, 0.0, 302.8029290032173, 0.0, 0.0, 247.158203125, 233.51852230960503,
    0.0, 0.0, 0.0, 1.0, 0.0]
  rows: 3
rectification_matrix:
  cols: 3
  data: [1.0, 0.0, 0.0, 0.0, 1.0, 0.0, 0.0, 0.0, 1.0]
  rows: 3
