camera_matrix:
  cols: 3
  data: [307.6777798323884, 0.0, 321.8787180255055, 0.0, 310.01272103744975, 238.45864373748566,
    0.0, 0.0, 1.0]
  rows: 3
camera_name: julie/camera_node
distortion_coefficients:
  cols: 5
  data: [-0.2737415801080666, 0.05537201170340787, -0.0008525082761760889, 0.0005924768759258297,
    0.0]
  rows: 1
distortion_model: plumb_bob
image_height: 480
image_width: 640
projection_matrix:
  cols: 4
  data: [214.8540802001953, 0.0, 322.712385297109, 0.0, 0.0, 243.90359497070312, 235.702538490601,
    0.0, 0.0, 0.0, 1.0, 0.0]
  rows: 3
rectification_matrix:
  cols: 3
  data: [1.0, 0.0, 0.0, 0.0, 1.0, 0.0, 0.0, 0.0, 1.0]
  rows: 3
