camera_matrix:
  cols: 3
  data: [434.6502211593216, 0.0, 325.9658552757478, 0.0, 538.2599271024286, 223.35819521951524,
    0.0, 0.0, 1.0]
  rows: 3
camera_name: julie/camera_node
distortion_coefficients:
  cols: 5
  data: [-0.45219125046234027, 0.1255291586359813, 0.00039624385243950105, -0.02381058664552501,
    0.0]
  rows: 1
distortion_model: plumb_bob
image_height: 480
image_width: 640
projection_matrix:
  cols: 4
  data: [274.4962463378906, 0.0, 277.4022336183225, 0.0, 0.0, 480.0831298828125, 218.53985783206736,
    0.0, 0.0, 0.0, 1.0, 0.0]
  rows: 3
rectification_matrix:
  cols: 3
  data: [1.0, 0.0, 0.0, 0.0, 1.0, 0.0, 0.0, 0.0, 1.0]
  rows: 3
