camera_matrix:
  cols: 3
  data: [314.9442429007765, 0.0, 334.2995572526129, 0.0, 315.7556635342599, 222.70033036469542,
    0.0, 0.0, 1.0]
  rows: 3
camera_name: julie/camera_node
distortion_coefficients:
  cols: 5
  data: [-0.30056388396279016, 0.077025006838293, -0.0005603152655830529, -0.0023610251236117993,
    0.0]
  rows: 1
distortion_model: plumb_bob
image_height: 480
image_width: 640
projection_matrix:
  cols: 4
  data: [230.90536499023438, 0.0, 330.6447360679362, 0.0, 0.0, 244.31696014404298,
    212.7873440033558, 0.0, 0.0, 0.0, 1.0, 0.0]
  rows: 3
rectification_matrix:
  cols: 3
  data: [1.0, 0.0, 0.0, 0.0, 1.0, 0.0, 0.0, 0.0, 1.0]
  rows: 3
