camera_matrix:
  cols: 3
  data: [311.3869511381423, 0.0, 329.08829226643866, 0.0, 314.855029857322, 249.3185374635704,
    0.0, 0.0, 1.0]
  rows: 3
camera_name: oreo/camera_node
distortion_coefficients:
  cols: 5
  data: [-0.3009900876704607, 0.07503701068624091, -0.0010081623457184482, 0.0010059027917803253,
    0.0]
  rows: 1
distortion_model: plumb_bob
image_height: 480
image_width: 640
projection_matrix:
  cols: 4
  data: [226.42478942871094, 0.0, 329.1247149152241, 0.0, 0.0, 245.72694396972656,
    253.03761090439184, 0.0, 0.0, 0.0, 1.0, 0.0]
  rows: 3
rectification_matrix:
  cols: 3
  data: [1.0, 0.0, 0.0, 0.0, 1.0, 0.0, 0.0, 0.0, 1.0]
  rows: 3
