camera_matrix:
  cols: 3
  data: [310.4273987417966, 0.0, 356.1690794611269, 0.0, 311.3444582647437, 242.69041444480527,
    0.0, 0.0, 1.0]
  rows: 3
camera_name: quackmobile/camera_node
distortion_coefficients:
  cols: 5
  data: [-0.28803501116361496, 0.06645606977477071, 0.0012406502342722084, -0.000490628216306336,
    0.0]
  rows: 1
distortion_model: plumb_bob
image_height: 480
image_width: 640
projection_matrix:
  cols: 4
  data: [222.49339294433594, 0.0, 354.46763434232525, 0.0, 0.0, 242.05516052246094,
    245.68814860944985, 0.0, 0.0, 0.0, 1.0, 0.0]
  rows: 3
rectification_matrix:
  cols: 3
  data: [1.0, 0.0, 0.0, 0.0, 1.0, 0.0, 0.0, 0.0, 1.0]
  rows: 3
