camera_matrix:
  cols: 3
  data: [321.963077497842, 0.0, 320.45465451896035, 0.0, 324.0809900444413, 242.7198012045893,
    0.0, 0.0, 1.0]
  rows: 3
camera_name: setlist/camera_node
distortion_coefficients:
  cols: 5
  data: [-0.2879681141733407, 0.0594765293487875, -0.00037249056031723093, 0.001613469648675162,
    0.0]
  rows: 1
distortion_model: plumb_bob
image_height: 480
image_width: 640
projection_matrix:
  cols: 4
  data: [223.4661865234375, 0.0, 321.9912755560654, 0.0, 0.0, 257.5184631347656, 243.4782006714795,
    0.0, 0.0, 0.0, 1.0, 0.0]
  rows: 3
rectification_matrix:
  cols: 3
  data: [1.0, 0.0, 0.0, 0.0, 1.0, 0.0, 0.0, 0.0, 1.0]
  rows: 3
