camera_matrix:
  cols: 3
  data: [315.87565795332875, 0.0, 311.7657921092501, 0.0, 319.24602135079874, 213.03700030218258,
    0.0, 0.0, 1.0]
  rows: 3
camera_name: starducks/camera_node
distortion_coefficients:
  cols: 5
  data: [-0.2790680160431151, 0.06027578412313926, 0.0029810105567845335, 0.0017887867979103332,
    0.0]
  rows: 1
distortion_model: plumb_bob
image_height: 480
image_width: 640
projection_matrix:
  cols: 4
  data: [223.97926330566406, 0.0, 313.80638079270284, 0.0, 0.0, 253.4664764404297,
    201.018747980429, 0.0, 0.0, 0.0, 1.0, 0.0]
  rows: 3
rectification_matrix:
  cols: 3
  data: [1.0, 0.0, 0.0, 0.0, 1.0, 0.0, 0.0, 0.0, 1.0]
  rows: 3
