camera_matrix:
  cols: 3
  data: [311.24483247259394, 0.0, 300.8034345783613, 0.0, 321.223183153047, 239.43623258676044,
    0.0, 0.0, 1.0]
  rows: 3
camera_name: thing/camera_node
distortion_coefficients:
  cols: 5
  data: [-0.2529236141135835, 0.041421015671276186, -0.003879674059350539, 0.0019382329070845516,
    0.0]
  rows: 1
distortion_model: plumb_bob
image_height: 480
image_width: 640
projection_matrix:
  cols: 4
  data: [206.39166259765625, 0.0, 314.19834508150234, 0.0, 0.0, 261.7568664550781,
    233.74223707173223, 0.0, 0.0, 0.0, 1.0, 0.0]
  rows: 3
rectification_matrix:
  cols: 3
  data: [1.0, 0.0, 0.0, 0.0, 1.0, 0.0, 0.0, 0.0, 1.0]
  rows: 3
